<?xml version="1.0"?>
<opencv_storage>
<position>
  <x>9.0818697214126587e-01</x>
  <y>-9.6215498447418213e-01</y>
  <z>0.</z></position>
<orientation>
  <x>0.</x>
  <y>0.</y>
  <z>-6.6540700197219849e-01</z>
  <w>7.4644809961318970e-01</w></orientation>
</opencv_storage>

