<?xml version="1.0"?>
<opencv_storage>
	<Furniture_Name_1>"sidetable_A_1"</Furniture_Name_1>
	<Furniture_Name_2>"sidetable_A_2"</Furniture_Name_2>
	<Furniture_Name_3>"wagon_c02_2"</Furniture_Name_3>
	<Furniture_Name_4>"wagon_c02_1"</Furniture_Name_4>
	<Furniture_Name_5>"lowtable_A"</Furniture_Name_5>
	<Furniture_Name_6>"wide_trashbox_c01"</Furniture_Name_6>
	<Furniture_Name_7>"wide_trashbox_c02"</Furniture_Name_7>
	<Furniture_Name_8>"wide_trashbox_c03"</Furniture_Name_8>
	<Furniture_Name_9>"sofa"</Furniture_Name_9>
	
	<M_Pos_Furniture type_id="opencv-matrix">
		<rows>9</rows><!-- 9 Furnitures -->
		<cols>9</cols><!-- 3 Point(x,y,z) -->
		<dt>d</dt>
		<data>
			2.094124556	-1.504632831	0.479992449	0.557377338	-1.527275085	0.480381668	0.563437283	-2.22945714	0.483439624
			4.348908424	-0.379930139	0.491914779	4.36521244	-1.93059814	0.487863481	5.014070511	-1.938359976	0.497355223
			3.885198116	3.884238958	0.719803214	4.45990324	3.883687496	0.718959808	4.437444687	4.396342278	0.727545857
			1.87748003	2.962429285	0.714481115	2.446477175	2.970312119	0.716908693	2.447477818	3.546615124	0.719186962
			0.115791075	2.892989397	0.444868475	0.737751603	2.889031649	0.443537802	0.758455753	4.042452812	0.433439672
			-1.429075718	1.347551227	0.463192254	-1.433888435	1.897951484	0.424871087	-1.825283885	1.915833235	0.435879469
			-1.421397805	-0.318126112	0.442522258	-1.438267708	0.210983366	0.419140428	-1.859125614	0.232066691	0.424774617
			-1.397600174	-2.09303093	0.447755098	-1.442418456	-1.538381577	0.41918847	-1.907649636	-1.54242456	0.412017375
			-1.619563937	2.39661622	0.627627611	-0.852202952	2.389216661	0.586005151	-0.823763132	4.652945995	0.591250539
		</data>
	</M_Pos_Furniture>
	
</opencv_storage>
