<?xml version="1.0"?>
<opencv_storage>
	<!-- Furniture Pos -->
	<N_Furniture>10</N_Furniture>
	
	<Furniture_Name_1>"trash_box_for_recycle"</Furniture_Name_1>
	<Furniture_Name_2>"trash_box_for_burnable"</Furniture_Name_2>
	<Furniture_Name_3>"trash_box_for_bottle_can"</Furniture_Name_3>
	<Furniture_Name_4>"square_low_table"</Furniture_Name_4>
	<Furniture_Name_5>"wagon#1"</Furniture_Name_5>
	<Furniture_Name_6>"wagon#2"</Furniture_Name_6>
	<Furniture_Name_7>"white_side_table#1"</Furniture_Name_7>
	<Furniture_Name_8>"white_side_table#2"</Furniture_Name_8>
	<Furniture_Name_9>"cardboard_box"</Furniture_Name_9>
	<Furniture_Name_10>"wooden_shelf"</Furniture_Name_10>
	
	<M_Pos_Furniture type_id="opencv-matrix">
		<rows>10</rows><!-- 10 Furnitures -->
		<cols>9</cols><!-- 3 Point(x,y,z) -->
		<dt>d</dt>
		<data>
			-2.0079876598086 3.54228718684561 0.47326906315846	-1.36196532824922 3.54228718684561 0.47326906315846	-1.36196532824922 4.02680393551515 0.47326906315846
			 -2.0079876598086 1.63828718684561 0.47326906315846	-1.36196532824922 1.63828718684561 0.47326906315846	-1.36196532824922 2.12280393551515 0.47326906315846
			 -2.0079876598086 -0.111712813154391 0.47326906315846	-1.36196532824922 -0.111712813154391 0.47326906315846	-1.36196532824922 0.372803935515146 0.47326906315846
			0 2.9027111291755743 0.44862661913846058	0.74641292246705715 2.9027111291755743 0.44862661913846058	0.74641292246705715 4.1034623522747475 0.44862661913846058
			2.0769750886039859 3.0000693364538855 0.74070124097339618	2.6935770680332904 3.0000693364538855 0.74070124097339618	2.6935770680332904 3.61667131588319 0.74070124097339618
			3.9916864984107741 3.7464822589209383 0.74070124097339618	4.6082884778400865 3.7464822589209383 0.74070124097339618	4.6082884778400865 4.3306315025908102 0.74070124097339618
			2.0445223528445493 -2.0899018767785913 0.48618765589706847	0.44817829060371395 -2.0899018767785913 0.48618765589706847	0.44817829060371395 -2.8223420935714452 0.48618765589706847
			5.3498935876020752 -0.0052643366758529653 0.48618765589706853	4.5423312972919865 -0.0052643366758529653 0.48618765589706853	4.5423312972919865 -1.4138032151236493 0.48618765589706853
			3.528183304809561 -1.8833161746062479 0.48618765589706853	2.9647677534304426 -1.8833161746062479 0.48618765589706853	2.852084643154619 -2.6345369097784057 0.48618765589706853
			4.4465381263169137 2.2987354496268106 0.47326906315846012	4.4465381263169137 1.3296607012547232 0.47326906315846012	5.2578565203028313 1.3296607012547232 0.47326906315846012
		</data>
	</M_Pos_Furniture>
	
</opencv_storage>
