<?xml version="1.0"?>
<opencv_storage>
<hand_left_0 type_id="opencv-matrix">
  <rows>1</rows>
  <cols>21</cols>
  <dt>"3f"</dt>
  <data>
    4.10195068e+02 1.79400406e+02 3.20733666e-01 4.12945129e+02
    1.86169769e+02 4.22171116e-01 4.15906738e+02 1.92939148e+02
    5.33601403e-01 4.23099182e+02 1.96535370e+02 3.17980945e-01
    4.30926270e+02 1.97804626e+02 4.53243434e-01 4.25849243e+02
    1.89131378e+02 2.35504821e-01 4.34099426e+02 1.92516052e+02
    3.10659945e-01 4.40868805e+02 1.96323822e+02 3.44477922e-01
    4.45734283e+02 1.98439255e+02 3.54086220e-01 4.26906952e+02
    1.87862122e+02 1.62376225e-01 4.34945587e+02 1.92939148e+02
    3.52470875e-01 4.41714966e+02 1.96323822e+02 4.34636354e-01
    4.46157349e+02 1.98650803e+02 4.21318203e-01 4.27753143e+02
    1.87227493e+02 1.75322771e-01 4.34734039e+02 1.92939148e+02
    2.96212256e-01 4.41080322e+02 1.96112289e+02 2.67541826e-01
    4.44888092e+02 1.98227707e+02 2.77867079e-01 4.27964691e+02
    1.87650574e+02 1.53901994e-01 4.32830170e+02 1.91035263e+02
    2.45266452e-01 4.37484100e+02 1.94631485e+02 1.48256570e-01
    4.42561127e+02 1.96958450e+02 1.29462421e-01</data></hand_left_0>
</opencv_storage>
