<?xml version="1.0"?>
<opencv_storage>
<pose_0 type_id="opencv-matrix">
  <rows>1</rows>
  <cols>25</cols>
  <dt>"3f"</dt>
  <data>
    3.35898560e+02 1.10105667e+02 8.89711618e-01 3.08485016e+02
    1.50540268e+02 8.72874618e-01 2.87614441e+02 1.47976151e+02
    7.67699182e-01 2.49807205e+02 2.02732468e+02 8.62989128e-01
    2.66819092e+02 2.43244476e+02 8.67004395e-01 3.28113037e+02
    1.51918625e+02 7.98018217e-01 3.60779816e+02 1.70139847e+02
    8.38882685e-01 4.11612885e+02 1.80601883e+02 8.73305678e-01
    3.18917969e+02 2.55003738e+02 6.93071365e-01 3.05912750e+02
    2.54997147e+02 6.45260930e-01 3.05893585e+02 3.46378845e+02
    7.20870674e-01 2.84990936e+02 4.40341003e+02 7.42608368e-01
    3.30724884e+02 2.55023666e+02 6.26325011e-01 3.29442017e+02
    3.45072723e+02 7.48529375e-01 3.09840790e+02 4.26013031e+02
    7.82091022e-01 3.29386292e+02 1.01029091e+02 9.12687600e-01
    3.38518768e+02 1.02328583e+02 4.74748731e-01 3.08548279e+02
    9.96364899e+01 9.19074714e-01 0. 0. 0. 3.46382294e+02 4.45577881e+02
    7.81569362e-01 3.46356873e+02 4.42915558e+02 7.51921058e-01
    3.05902802e+02 4.32505005e+02 6.26693010e-01 3.17658020e+02
    4.63848419e+02 7.26397693e-01 3.07203735e+02 4.65120422e+02
    7.08269119e-01 2.75926697e+02 4.45566864e+02 8.08632374e-01</data></pose_0>
</opencv_storage>
