<?xml version="1.0"?>
<opencv_storage>
<hand_right_0 type_id="opencv-matrix">
  <rows>1</rows>
  <cols>21</cols>
  <dt>"3f"</dt>
  <data>
    2.67062744e+02 2.43920105e+02 4.42281753e-01 2.73165314e+02
    2.48558044e+02 6.36060417e-01 2.78047363e+02 2.56857513e+02
    7.27779925e-01 2.80976593e+02 2.63448303e+02 7.12019920e-01
    2.82441193e+02 2.70039062e+02 6.94017112e-01 2.65109924e+02
    2.61251373e+02 5.14438570e-01 2.65354034e+02 2.69306763e+02
    7.51964629e-01 2.66086334e+02 2.75653412e+02 7.67822027e-01
    2.67306854e+02 2.80779572e+02 7.72095561e-01 2.61448395e+02
    2.63448303e+02 5.52481174e-01 2.59495575e+02 2.71991882e+02
    6.40369833e-01 2.60960205e+02 2.79314941e+02 7.35524058e-01
    2.63401215e+02 2.84685211e+02 6.71610057e-01 2.59739685e+02
    2.63448303e+02 5.05185306e-01 2.57786865e+02 2.71259583e+02
    5.38516223e-01 2.59983795e+02 2.78582642e+02 5.00589788e-01
    2.62913025e+02 2.83708801e+02 4.61372375e-01 2.59495575e+02
    2.64424713e+02 4.84961569e-01 2.57542755e+02 2.69062653e+02
    3.36806118e-01 2.59007385e+02 2.71259583e+02 2.92184174e-01
    2.59739685e+02 2.75409302e+02 2.35259786e-01</data></hand_right_0>
</opencv_storage>
