<?xml version="1.0"?>
<opencv_storage>
<pose_0 type_id="opencv-matrix">
  <rows>1</rows>
  <cols>25</cols>
  <dt>"3f"</dt>
  <data>
    3.11148468e+02 1.31033142e+02 8.74343634e-01 3.38586670e+02
    1.60985779e+02 8.46299171e-01 3.21556488e+02 1.62348511e+02
    7.83690691e-01 2.98044952e+02 2.01472076e+02 8.79708171e-01
    2.64151276e+02 2.35453217e+02 8.86475623e-01 3.56799011e+02
    1.57127075e+02 7.54650354e-01 3.98581360e+02 2.08005463e+02
    8.27875435e-01 3.69837555e+02 2.41960648e+02 8.51557136e-01
    3.29364807e+02 2.57652222e+02 6.78839207e-01 3.17653412e+02
    2.57635193e+02 6.44709110e-01 3.08506256e+02 3.45061340e+02
    7.97030449e-01 3.34622375e+02 4.19477173e+02 7.78987765e-01
    3.39877655e+02 2.58923920e+02 6.41622245e-01 3.30701660e+02
    3.45046143e+02 7.23099530e-01 3.60678040e+02 4.32505768e+02
    7.81219959e-01 3.08469086e+02 1.25791679e+02 4.03395921e-01
    3.16369110e+02 1.23176865e+02 8.69195104e-01 0. 0. 0. 3.30763184e+02
    1.12730659e+02 8.40612829e-01 3.28100525e+02 4.54758667e+02
    7.51229763e-01 3.38536041e+02 4.56013947e+02 7.25718677e-01
    3.69835754e+02 4.41632263e+02 6.98827505e-01 3.03319672e+02
    4.37730469e+02 7.63116419e-01 3.04584900e+02 4.33770508e+02
    7.01824307e-01 3.39821228e+02 4.23356934e+02 6.48792326e-01</data></pose_0>
</opencv_storage>
