<?xml version="1.0"?>
<opencv_storage>
<hand_left_0 type_id="opencv-matrix">
  <rows>1</rows>
  <cols>21</cols>
  <dt>"3f"</dt>
  <data>
    3.69288269e+02 2.42297562e+02 4.76996392e-01 3.62284241e+02
    2.46403366e+02 5.61633587e-01 3.57212372e+02 2.55098007e+02
    7.24717677e-01 3.54797180e+02 2.62102020e+02 7.18346655e-01
    3.53831116e+02 2.69106049e+02 7.84951985e-01 3.65423981e+02
    2.62102020e+02 5.52407265e-01 3.66631561e+02 2.68864532e+02
    6.92397535e-01 3.66390045e+02 2.74177917e+02 8.10396910e-01
    3.65665497e+02 2.79008270e+02 8.56850922e-01 3.70737366e+02
    2.62102020e+02 5.29584527e-01 3.72911041e+02 2.69830597e+02
    7.97200382e-01 3.72186462e+02 2.77076141e+02 8.23475599e-01
    3.70978882e+02 2.81906494e+02 7.81161547e-01 3.74601654e+02
    2.61860504e+02 5.35411656e-01 3.76775330e+02 2.69347565e+02
    6.12155914e-01 3.76050751e+02 2.75143982e+02 7.55140960e-01
    3.74843170e+02 2.79491302e+02 8.60535741e-01 3.77016846e+02
    2.62102020e+02 4.81855303e-01 3.78948975e+02 2.67656952e+02
    5.48841417e-01 3.78707458e+02 2.71279694e+02 5.87638319e-01
    3.77499878e+02 2.74902466e+02 4.94573116e-01</data></hand_left_0>
</opencv_storage>
