<?xml version="1.0"?>
<opencv_storage>
<hand_right_0 type_id="opencv-matrix">
  <rows>1</rows>
  <cols>21</cols>
  <dt>"3f"</dt>
  <data>
    2.63139160e+02 2.36102921e+02 3.56795698e-01 2.64508575e+02
    2.44515045e+02 4.36556607e-01 2.65682373e+02 2.51753387e+02
    3.71592015e-01 2.58444031e+02 2.59578644e+02 4.75526124e-01
    2.54727051e+02 2.61339294e+02 4.10459131e-01 2.56096466e+02
    2.53709702e+02 1.54564351e-01 2.50227539e+02 2.60948059e+02
    2.00562239e-01 2.51792587e+02 2.58796112e+02 2.15892136e-01
    2.44358612e+02 2.71316498e+02 1.56427771e-01 2.57270233e+02
    2.51753387e+02 9.71785486e-02 2.53553253e+02 2.58600464e+02
    1.67659551e-01 2.53748886e+02 2.58013580e+02 2.20063180e-01
    2.56878998e+02 2.56057281e+02 1.44779012e-01 2.55509567e+02
    2.52340286e+02 8.15271363e-02 2.55313934e+02 2.58209198e+02
    1.38415635e-01 2.55705200e+02 2.57231049e+02 1.95915699e-01
    2.56683350e+02 2.56644165e+02 1.76937237e-01 2.54727051e+02
    2.52340286e+02 8.11977014e-02 2.55509567e+02 2.52731552e+02
    6.83561713e-02 2.56683350e+02 2.56839783e+02 9.85612273e-02
    2.58248413e+02 2.55470383e+02 1.51613101e-01</data></hand_right_0>
</opencv_storage>
